{
    "matrix_probe_in_cam_coord": [
        [
            -0.07404940965945252,
            0.6713978809159831,
            0.7373883443821266,
            1.0130283206032074
        ],
        [
            -0.6357354229947724,
            -0.6014748339675366,
            0.4838062587993071,
            -0.704279610404809
        ],
        [
            0.7683470289385809,
            -0.4329583231735494,
            0.4713702722022297,
            -14.321512755281622
        ],
        [
            0.0,
            0.0,
            0.0,
            1.0
        ]
    ],
    "matrix_probe_in_world_coord": [
        [
            -0.9638177422658651,
            0.11552751374607234,
            0.24022646244987525,
            0.0
        ],
        [
            -0.25411676177031983,
            -0.6703669033175489,
            -0.6971605886191549,
            0.0
        ],
        [
            0.08049864024253302,
            -0.7329813152489572,
            0.6754689929338076,
            7.910403251647949
        ],
        [
            0.0,
            0.0,
            0.0,
            1.0
        ]
    ],
    "intrinsic_matrix_camera": [
        [
            1.3888888888888888,
            0.0,
            -0.5
        ],
        [
            0.0,
            -1.3888888888888888,
            -0.5
        ],
        [
            0.0,
            0.0,
            -1.0
        ]
    ],
    "extrinsic_matrix_camera": [
        [
            0.3260752561733873,
            0.6594692539826216,
            -0.6773294843450006,
            -9.566255569458008
        ],
        [
            -0.9453438143402958,
            0.22746919274221444,
            -0.23362970496438532,
            -2.2280688285827637
        ],
        [
            -1.621658547426508e-08,
            0.7164901041918234,
            0.6975972552950519,
            18.40566062927246
        ],
        [
            0.0,
            0.0,
            0.0,
            1.0
        ]
    ]
}