{
    "matrix_probe_in_cam_coord": [
        [
            0.5032576567492031,
            0.6337895969232379,
            -0.5874031645770916,
            -0.09062623904096277
        ],
        [
            -0.28424941971007417,
            0.7633438826866964,
            0.5800934270953997,
            0.30289431507636255
        ],
        [
            0.8160477916873423,
            -0.12496745014874593,
            0.5643129788384573,
            -12.748813831592848
        ],
        [
            0.0,
            0.0,
            0.0,
            1.0
        ]
    ],
    "matrix_probe_in_world_coord": [
        [
            0.7487671111313695,
            -0.38264731880475206,
            -0.5412290113247052,
            0.0
        ],
        [
            0.1846014551788092,
            0.904617514604202,
            -0.38417373025388213,
            0.0
        ],
        [
            0.6366082908931123,
            0.18774499109923254,
            0.7479850949606547,
            14.859920501708984
        ],
        [
            0.0,
            0.0,
            0.0,
            1.0
        ]
    ],
    "intrinsic_matrix_camera": [
        [
            1.3888888888888888,
            0.0,
            -0.5
        ],
        [
            0.0,
            -1.3888888888888888,
            -0.5
        ],
        [
            0.0,
            0.0,
            -1.0
        ]
    ],
    "extrinsic_matrix_camera": [
        [
            0.45222452586288364,
            -0.8188914988959566,
            0.35342565164971135,
            4.794778823852539
        ],
        [
            0.8919041306149947,
            0.4152047336491508,
            -0.17919835643009602,
            -2.3294997215270996
        ],
        [
            7.1387372682412665e-09,
            0.396259690343682,
            0.9181384742013204,
            26.445072174072266
        ],
        [
            0.0,
            0.0,
            0.0,
            1.0
        ]
    ]
}