{
    "matrix_probe_in_cam_coord": [
        [
            0.8200228042355452,
            -0.5619425472318375,
            0.10855033000532878,
            1.113192101231212
        ],
        [
            0.3885799311492517,
            0.6858924746936168,
            0.6152699816070245,
            0.5083087994092343
        ],
        [
            -0.420200235175701,
            -0.4623549359196456,
            0.7808070668155004,
            -12.373667751320234
        ],
        [
            0.0,
            0.0,
            0.0,
            1.0
        ]
    ],
    "matrix_probe_in_world_coord": [
        [
            0.8539386717449982,
            -0.5128885380680263,
            0.0879436888971048,
            0.0
        ],
        [
            0.5108344129910458,
            0.7940156724974434,
            -0.3295258932656522,
            0.0
        ],
        [
            0.0991813863710402,
            0.3263195662948748,
            0.9400418039909944,
            8.275859832763672
        ],
        [
            0.0,
            0.0,
            0.0,
            1.0
        ]
    ],
    "intrinsic_matrix_camera": [
        [
            1.3888888888888888,
            0.0,
            -0.5
        ],
        [
            0.0,
            -1.3888888888888888,
            -0.5
        ],
        [
            0.0,
            0.0,
            -1.0
        ]
    ],
    "extrinsic_matrix_camera": [
        [
            0.9980093922291376,
            0.03414615350506067,
            -0.05302162976782777,
            -1.784404993057251
        ],
        [
            -0.06306546616356501,
            0.5403619852949211,
            -0.8390659520119405,
            -10.586790084838867
        ],
        [
            -1.6733538902124545e-09,
            0.8407395346056593,
            0.5414397796164035,
            14.548100471496582
        ],
        [
            0.0,
            0.0,
            0.0,
            1.0
        ]
    ]
}