{
    "matrix_probe_in_cam_coord": [
        [
            -0.9800558819295115,
            -0.1986938625165187,
            0.0033492228403008703,
            0.15032960218891667
        ],
        [
            0.1745532316353383,
            -0.8526823151364389,
            0.49240637564843,
            1.757199156071853
        ],
        [
            -0.09498230161997079,
            0.4831703824240778,
            0.8703589741751061,
            -12.661884403402325
        ],
        [
            0.0,
            0.0,
            0.0,
            1.0
        ]
    ],
    "matrix_probe_in_world_coord": [
        [
            0.9636789581943979,
            -0.20123474423439325,
            0.1755774565434828,
            0.0
        ],
        [
            0.2548066357535389,
            0.8896984931277416,
            -0.3788273613431182,
            0.0
        ],
        [
            -0.07997777134506572,
            0.4098062579306768,
            0.9086596651395572,
            6.45600700378418
        ],
        [
            0.0,
            0.0,
            0.0,
            1.0
        ]
    ],
    "intrinsic_matrix_camera": [
        [
            1.3888888888888888,
            0.0,
            -0.5
        ],
        [
            0.0,
            -1.3888888888888888,
            -0.5
        ],
        [
            0.0,
            0.0,
            -1.0
        ]
    ],
    "extrinsic_matrix_camera": [
        [
            -0.9038870746379709,
            0.42625804303362597,
            -0.035947698835322825,
            -1.0683048963546753
        ],
        [
            -0.42777114945074496,
            -0.900689857176078,
            0.07595804682668537,
            2.6087701320648193
        ],
        [
            6.6320385663502e-10,
            0.0840348851922819,
            0.9964628131900961,
            18.925437927246094
        ],
        [
            0.0,
            0.0,
            0.0,
            1.0
        ]
    ]
}