{
    "matrix_probe_in_cam_coord": [
        [
            0.9063077619312011,
            -0.10195638176299568,
            -0.4101355103877934,
            1.3277316018520473
        ],
        [
            0.2974744294005371,
            0.8432357237687702,
            0.4477303630679779,
            0.38924816518268734
        ],
        [
            0.3001919461212814,
            -0.5277863302302901,
            0.7945604980780009,
            -13.095792012691176
        ],
        [
            0.0,
            0.0,
            0.0,
            1.0
        ]
    ],
    "matrix_probe_in_world_coord": [
        [
            0.90177528476264,
            -0.16280843632862652,
            -0.40036826653905394,
            0.0
        ],
        [
            0.10125618764564734,
            0.9801404093463356,
            -0.17050502171451434,
            0.0
        ],
        [
            0.42017677262638975,
            0.1132174501860253,
            0.9003517583248483,
            13.79069995880127
        ],
        [
            0.0,
            0.0,
            0.0,
            1.0
        ]
    ],
    "intrinsic_matrix_camera": [
        [
            1.3888888888888888,
            0.0,
            -0.5
        ],
        [
            0.0,
            -1.3888888888888888,
            -0.5
        ],
        [
            0.0,
            0.0,
            -1.0
        ]
    ],
    "extrinsic_matrix_camera": [
        [
            0.9980905425267285,
            -0.048287830699385484,
            0.03851693556149075,
            -0.8019906282424927
        ],
        [
            0.061767863154722664,
            0.7802702588361854,
            -0.6223849727114331,
            -8.536354064941406
        ],
        [
            9.119902783492552e-10,
            0.6235756638789389,
            0.7817630020779573,
            23.78577995300293
        ],
        [
            0.0,
            0.0,
            0.0,
            1.0
        ]
    ]
}