{
    "matrix_probe_in_cam_coord": [
        [
            -0.6169085619865542,
            -0.7692307257346263,
            0.1664569515924821,
            0.09559507306973108
        ],
        [
            -0.3757799262681493,
            0.4737215457321202,
            0.7964780876603417,
            -1.505146388089537
        ],
        [
            -0.6915296618089393,
            0.4288029707160983,
            -0.5813043429594028,
            -14.924160131065893
        ],
        [
            0.0,
            0.0,
            0.0,
            1.0
        ]
    ],
    "matrix_probe_in_world_coord": [
        [
            -0.0033048964485836566,
            -0.6724255210439357,
            -0.7401574131955012,
            0.0
        ],
        [
            -0.6704315059170346,
            -0.5476862872076044,
            0.5005610119441654,
            0.0
        ],
        [
            -0.7419640648530639,
            0.4978791514549904,
            -0.44900520822500206,
            9.204778671264648
        ],
        [
            0.0,
            0.0,
            0.0,
            1.0
        ]
    ],
    "intrinsic_matrix_camera": [
        [
            1.3888888888888888,
            0.0,
            -0.5
        ],
        [
            0.0,
            -1.3888888888888888,
            -0.5
        ],
        [
            0.0,
            0.0,
            -1.0
        ]
    ],
    "extrinsic_matrix_camera": [
        [
            0.3960848437716207,
            -0.906819704504465,
            0.1442040916785848,
            0.7493647933006287
        ],
        [
            0.9182139165436402,
            0.3911697848596897,
            -0.06220452458152299,
            -0.4273592233657837
        ],
        [
            5.082058429348511e-09,
            0.15704847320257195,
            0.9875908955963199,
            24.180124282836914
        ],
        [
            0.0,
            0.0,
            0.0,
            1.0
        ]
    ]
}