{
    "matrix_probe_in_cam_coord": [
        [
            0.48326928090956583,
            -0.8752611414629458,
            0.019202509579028994,
            0.37538503372827137
        ],
        [
            0.35707191446919845,
            0.2170864982743773,
            0.9085004678943598,
            1.9319501592193404
        ],
        [
            -0.799343762111429,
            -0.4321936909673141,
            0.41744240735890403,
            -12.581360188249324
        ],
        [
            0.0,
            0.0,
            0.0,
            1.0
        ]
    ],
    "matrix_probe_in_world_coord": [
        [
            -0.9479501378704107,
            0.31421784660246505,
            -0.05155270107355301,
            0.0
        ],
        [
            -0.3131718913128675,
            -0.9492994609221823,
            -0.02745723919798937,
            0.0
        ],
        [
            -0.05756650591264729,
            -0.009883236785783376,
            0.9982927521662399,
            13.432778358459473
        ],
        [
            0.0,
            0.0,
            0.0,
            1.0
        ]
    ],
    "intrinsic_matrix_camera": [
        [
            1.3888888888888888,
            0.0,
            -0.5
        ],
        [
            0.0,
            -1.3888888888888888,
            -0.5
        ],
        [
            0.0,
            0.0,
            -1.0
        ]
    ],
    "extrinsic_matrix_camera": [
        [
            -0.734127793788249,
            -0.31710957158302455,
            0.6004147749664632,
            8.442255020141602
        ],
        [
            0.679011327142337,
            -0.3428498972328366,
            0.6491514196085807,
            8.574686050415039
        ],
        [
            1.5329739465507363e-08,
            0.884248532697603,
            0.46701662970619773,
            17.60015869140625
        ],
        [
            0.0,
            0.0,
            0.0,
            1.0
        ]
    ]
}