{
    "matrix_probe_in_cam_coord": [
        [
            -0.1918134140418238,
            0.9482787962036007,
            -0.2529326765451031,
            1.670521112275171
        ],
        [
            -0.47666512864204413,
            0.13526669058081012,
            0.8686157249071529,
            -0.16526370419593306
        ],
        [
            0.8579032400744756,
            0.2871763344880028,
            0.42606546865446787,
            -11.128584392350987
        ],
        [
            0.0,
            0.0,
            0.0,
            1.0
        ]
    ],
    "matrix_probe_in_world_coord": [
        [
            -0.9910231236379791,
            0.1305153449964974,
            -0.02896399722531452,
            0.0
        ],
        [
            -0.13356225765441443,
            -0.9570675324247925,
            0.2572602995189397,
            0.0
        ],
        [
            0.0058559153920263556,
            0.25881940247741086,
            0.9659079796523876,
            17.01975440979004
        ],
        [
            0.0,
            0.0,
            0.0,
            1.0
        ]
    ],
    "intrinsic_matrix_camera": [
        [
            1.3888888888888888,
            0.0,
            -0.5
        ],
        [
            0.0,
            -1.3888888888888888,
            -0.5
        ],
        [
            0.0,
            0.0,
            -1.0
        ]
    ],
    "extrinsic_matrix_camera": [
        [
            0.3211824043204131,
            0.46488196005775134,
            -0.8250615894391291,
            -9.641481399536133
        ],
        [
            -0.9470173510316262,
            0.15766545450959452,
            -0.2798209093318879,
            -1.5059417486190796
        ],
        [
            1.7701978384287335e-08,
            0.8712211933069272,
            0.4908906521139441,
            22.62665367126465
        ],
        [
            0.0,
            0.0,
            0.0,
            1.0
        ]
    ]
}