{
    "matrix_probe_in_cam_coord": [
        [
            -0.42713087420777734,
            0.8962196895488058,
            0.11978933326278385,
            1.8806639036566493
        ],
        [
            -0.7855673315113408,
            -0.4334222437438338,
            0.44162102111449836,
            2.2574669655766613
        ],
        [
            0.44770881604079593,
            0.09452738594239919,
            0.8891689318381775,
            -10.075505325717533
        ],
        [
            0.0,
            0.0,
            0.0,
            1.0
        ]
    ],
    "matrix_probe_in_world_coord": [
        [
            0.8711248903738964,
            -0.4906368429597336,
            0.02041846472124647,
            0.0
        ],
        [
            0.4732025219973054,
            0.8498293308173327,
            0.23209800011623188,
            0.0
        ],
        [
            -0.1312280402446701,
            -0.19252427590584625,
            0.9724780741181124,
            10.544978141784668
        ],
        [
            0.0,
            0.0,
            0.0,
            1.0
        ]
    ],
    "intrinsic_matrix_camera": [
        [
            1.3888888888888888,
            0.0,
            -0.5
        ],
        [
            0.0,
            -1.3888888888888888,
            -0.5
        ],
        [
            0.0,
            0.0,
            -1.0
        ]
    ],
    "extrinsic_matrix_camera": [
        [
            -0.8093568207729274,
            -0.4626571109653451,
            0.36178713954691644,
            6.21174955368042
        ],
        [
            0.587317236822094,
            -0.6375680220220654,
            0.4985634168554001,
            5.358020782470703
        ],
        [
            8.78618036791423e-10,
            0.6159995251362387,
            0.7877465233385219,
            17.091323852539062
        ],
        [
            0.0,
            0.0,
            0.0,
            1.0
        ]
    ]
}