{
    "matrix_probe_in_cam_coord": [
        [
            0.39222502286371297,
            0.9153379256872788,
            -0.09119217750481458,
            0.09465960155293292
        ],
        [
            -0.638036348892073,
            0.3421256052784084,
            0.6898258386762239,
            -0.035036263583526184
        ],
        [
            0.662622931184873,
            -0.21238303136407227,
            0.7182090914605402,
            -13.20875359413062
        ],
        [
            0.0,
            0.0,
            0.0,
            1.0
        ]
    ],
    "matrix_probe_in_world_coord": [
        [
            0.8953002469557053,
            -0.015554337578724833,
            -0.4451915659393611,
            0.0
        ],
        [
            0.05856529950618044,
            0.9948255290919593,
            0.08301971067556689,
            0.0
        ],
        [
            0.44159661852736687,
            -0.1004003448668904,
            0.8915784863127895,
            6.547169208526611
        ],
        [
            0.0,
            0.0,
            0.0,
            1.0
        ]
    ],
    "intrinsic_matrix_camera": [
        [
            1.3888888888888888,
            0.0,
            -0.5
        ],
        [
            0.0,
            -1.3888888888888888,
            -0.5
        ],
        [
            0.0,
            0.0,
            -1.0
        ]
    ],
    "extrinsic_matrix_camera": [
        [
            0.3775196730421283,
            -0.8836602832343164,
            0.27680932119495605,
            3.5896100997924805
        ],
        [
            0.9260015639652908,
            0.36025763796173577,
            -0.11285184014479627,
            -1.5656650066375732
        ],
        [
            1.6806378185079336e-08,
            0.29892965414036576,
            0.9542751499832327,
            19.16242790222168
        ],
        [
            0.0,
            0.0,
            0.0,
            1.0
        ]
    ]
}