{
    "matrix_probe_in_cam_coord": [
        [
            0.05300609345266542,
            -0.368919509550604,
            -0.9279486782844347,
            0.4374326049257514
        ],
        [
            -0.7415143899041778,
            0.607856629110389,
            -0.2840188867163408,
            -1.8731899765476574
        ],
        [
            0.6688398639599182,
            0.703142029692079,
            -0.2413390197597172,
            -14.526764337235434
        ],
        [
            0.0,
            0.0,
            0.0,
            1.0
        ]
    ],
    "matrix_probe_in_world_coord": [
        [
            -0.8889344006874896,
            0.24639015096584407,
            -0.3861185372154545,
            0.0
        ],
        [
            -0.25508741026611664,
            0.4338515467124786,
            0.8641199271738363,
            0.0
        ],
        [
            0.38042876389424035,
            0.8666399072984227,
            -0.32281453913924285,
            5.979848384857178
        ],
        [
            0.0,
            0.0,
            0.0,
            1.0
        ]
    ],
    "intrinsic_matrix_camera": [
        [
            1.3888888888888888,
            0.0,
            -0.5
        ],
        [
            0.0,
            -1.3888888888888888,
            -0.5
        ],
        [
            0.0,
            0.0,
            -1.0
        ]
    ],
    "extrinsic_matrix_camera": [
        [
            0.22028111270165174,
            0.9185924934831933,
            -0.32812202349621705,
            -3.1422111988067627
        ],
        [
            -0.975436431238306,
            0.2074441444093734,
            -0.0740992278187891,
            -0.2611520290374756
        ],
        [
            -2.0211956287066094e-09,
            0.3363848359640976,
            0.9417246105594818,
            20.290172576904297
        ],
        [
            0.0,
            0.0,
            0.0,
            1.0
        ]
    ]
}