{
    "matrix_probe_in_cam_coord": [
        [
            0.7987118960261266,
            -0.5980161933998873,
            0.06660284962265751,
            0.06078954780744244
        ],
        [
            0.5638197571510882,
            0.7051530029628592,
            -0.4299610724920918,
            -1.4928785010404875
        ],
        [
            0.21015848446455307,
            0.38096702592740256,
            0.9003874369201247,
            -13.651639997365919
        ],
        [
            0.0,
            0.0,
            0.0,
            1.0
        ]
    ],
    "matrix_probe_in_world_coord": [
        [
            0.8381613620066325,
            -0.5453833774115958,
            0.006519423464353743,
            0.0
        ],
        [
            0.40588783250686394,
            0.6157068922231607,
            -0.6753962468742162,
            0.0
        ],
        [
            0.3643358322510521,
            0.5687371928334017,
            0.7374262043255008,
            8.343233108520508
        ],
        [
            0.0,
            0.0,
            0.0,
            1.0
        ]
    ],
    "intrinsic_matrix_camera": [
        [
            1.3888888888888888,
            0.0,
            -0.5
        ],
        [
            0.0,
            -1.3888888888888888,
            -0.5
        ],
        [
            0.0,
            0.0,
            -1.0
        ]
    ],
    "extrinsic_matrix_camera": [
        [
            0.9960317541080377,
            0.08519011092742801,
            -0.025756354723411982,
            -0.28498631715774536
        ],
        [
            -0.08899856632814775,
            0.9534092378138644,
            -0.2882535003130412,
            -2.5063986778259277
        ],
        [
            -1.1411756401470599e-09,
            0.28940191818880306,
            0.9572076732604275,
            21.842729568481445
        ],
        [
            0.0,
            0.0,
            0.0,
            1.0
        ]
    ]
}