{
    "matrix_probe_in_cam_coord": [
        [
            -0.6289100788467319,
            0.24794483030838693,
            0.7368822659342146,
            1.7297019891730816
        ],
        [
            0.7624701546954975,
            0.3820188933963623,
            0.5222076486292045,
            -0.2512617740711436
        ],
        [
            -0.15202426097048272,
            0.8902723887729888,
            -0.42930606548803213,
            -11.640101565199469
        ],
        [
            0.0,
            0.0,
            0.0,
            1.0
        ]
    ],
    "matrix_probe_in_world_coord": [
        [
            0.5755052688014973,
            -0.7652604106684582,
            -0.2883924226557605,
            0.0
        ],
        [
            0.2932034378180671,
            0.5222800140525506,
            -0.8007841975045051,
            0.0
        ],
        [
            0.7634300423964091,
            0.3762978750734716,
            0.5249518831110208,
            6.654722213745117
        ],
        [
            0.0,
            0.0,
            0.0,
            1.0
        ]
    ],
    "intrinsic_matrix_camera": [
        [
            1.3888888888888888,
            0.0,
            -0.5
        ],
        [
            0.0,
            -1.3888888888888888,
            -0.5
        ],
        [
            0.0,
            0.0,
            -1.0
        ]
    ],
    "extrinsic_matrix_camera": [
        [
            -0.7641946885284113,
            -0.004139072830003038,
            -0.6449723607264674,
            -6.1867547035217285
        ],
        [
            -0.6449856417200033,
            0.004904070763533113,
            0.7641789529063084,
            10.011985778808594
        ],
        [
            -2.2437090591229212e-09,
            0.9999794088710298,
            -0.006417307375044831,
            6.831280708312988
        ],
        [
            0.0,
            0.0,
            0.0,
            1.0
        ]
    ]
}