{
    "matrix_probe_in_cam_coord": [
        [
            -0.2831514149418561,
            0.855732100704764,
            0.4330679485252132,
            2.090446013748226
        ],
        [
            -0.5623752018005663,
            -0.5139139374619538,
            0.6477859193299308,
            -1.0866452577923713
        ],
        [
            0.7768908601703315,
            -0.06012517530754313,
            0.626757971371757,
            -12.779410374644511
        ],
        [
            0.0,
            0.0,
            0.0,
            1.0
        ]
    ],
    "matrix_probe_in_world_coord": [
        [
            -0.25712587376903917,
            0.8644391576947107,
            0.43200836529234854,
            0.0
        ],
        [
            -0.9512487295818054,
            -0.3051950964296949,
            0.04451749750682892,
            0.0
        ],
        [
            0.17032950275131276,
            -0.39950080820860456,
            0.9007702063973709,
            13.775664329528809
        ],
        [
            0.0,
            0.0,
            0.0,
            1.0
        ]
    ],
    "intrinsic_matrix_camera": [
        [
            1.3888888888888888,
            0.0,
            -0.5
        ],
        [
            0.0,
            -1.3888888888888888,
            -0.5
        ],
        [
            0.0,
            0.0,
            -1.0
        ]
    ],
    "extrinsic_matrix_camera": [
        [
            0.9996228678243042,
            -0.01979718000904877,
            0.019031389502685014,
            -1.8679602146148682
        ],
        [
            0.027461284068913995,
            0.7206405180100943,
            -0.6927648386569782,
            -8.12745189666748
        ],
        [
            -1.7483497472388555e-10,
            0.6930262011394893,
            0.7209123972676346,
            23.741573333740234
        ],
        [
            0.0,
            0.0,
            0.0,
            1.0
        ]
    ]
}