{
    "matrix_probe_in_cam_coord": [
        [
            -0.9165954543535267,
            -0.3995163585299168,
            0.015474247168996652,
            -1.219209700912226
        ],
        [
            0.17140732574145717,
            -0.35769814070094813,
            0.9179714422689015,
            0.6270491439612762
        ],
        [
            -0.36120949840863015,
            0.8440608505351258,
            0.39634452040277546,
            -11.597931290816932
        ],
        [
            0.0,
            0.0,
            0.0,
            1.0
        ]
    ],
    "matrix_probe_in_world_coord": [
        [
            0.9996693585105947,
            0.025676315383731538,
            0.001378580186951851,
            0.0
        ],
        [
            -0.025589513183323028,
            0.9986804542075758,
            -0.044525579151665204,
            0.0
        ],
        [
            -0.002520013900208096,
            0.04447557995198958,
            0.9990072934257674,
            7.237887859344482
        ],
        [
            0.0,
            0.0,
            0.0,
            1.0
        ]
    ],
    "intrinsic_matrix_camera": [
        [
            1.3888888888888888,
            0.0,
            -0.5
        ],
        [
            0.0,
            -1.3888888888888888,
            -0.5
        ],
        [
            0.0,
            0.0,
            -1.0
        ]
    ],
    "extrinsic_matrix_camera": [
        [
            -0.9265291653993357,
            0.16343177833766656,
            -0.33887130225765405,
            -5.162319183349609
        ],
        [
            -0.3762229467541959,
            -0.4024855817579195,
            0.8345427794981986,
            9.47265338897705
        ],
        [
            -2.677985939797722e-09,
            0.900719384884314,
            0.4344014153909067,
            11.711250305175781
        ],
        [
            0.0,
            0.0,
            0.0,
            1.0
        ]
    ]
}