{
    "matrix_probe_in_cam_coord": [
        [
            -0.5930791285801877,
            0.44152156771224466,
            0.6732873476365694,
            0.49916061191744454
        ],
        [
            0.13758306243903126,
            -0.7683572422354992,
            0.6250584366554504,
            0.07309730921923574
        ],
        [
            0.7933019905259676,
            0.463342048112601,
            0.3949507542445735,
            -11.077424574912566
        ],
        [
            0.0,
            0.0,
            0.0,
            1.0
        ]
    ],
    "matrix_probe_in_world_coord": [
        [
            -0.685805526281855,
            0.35827562939228635,
            0.6334898211532912,
            0.0
        ],
        [
            -0.6654184524299915,
            -0.661225309667539,
            -0.3464092565459853,
            0.0
        ],
        [
            0.29476950874699204,
            -0.6591051989164006,
            0.6918751863410254,
            17.60323143005371
        ],
        [
            0.0,
            0.0,
            0.0,
            1.0
        ]
    ],
    "intrinsic_matrix_camera": [
        [
            1.3888888888888888,
            0.0,
            -0.5
        ],
        [
            0.0,
            -1.3888888888888888,
            -0.5
        ],
        [
            0.0,
            0.0,
            -1.0
        ]
    ],
    "extrinsic_matrix_camera": [
        [
            0.9914440429041574,
            0.026329258143703023,
            -0.12784944253089892,
            -1.9130569696426392
        ],
        [
            -0.13053240896367213,
            0.1999809186040948,
            -0.9710658692408065,
            -10.70637035369873
        ],
        [
            5.014570040101802e-09,
            0.9794459670445658,
            0.20170671193625495,
            19.766027450561523
        ],
        [
            0.0,
            0.0,
            0.0,
            1.0
        ]
    ]
}