{
    "matrix_probe_in_cam_coord": [
        [
            0.42088027256987803,
            -0.8962905173621437,
            0.1397251038582771,
            -0.7826854138032108
        ],
        [
            0.5858351479767213,
            0.3861714645898674,
            0.7125087924591598,
            0.8277942140422976
        ],
        [
            -0.6925727222152186,
            -0.21802501788376916,
            0.6876104391442759,
            -13.34887000966013
        ],
        [
            0.0,
            0.0,
            0.0,
            1.0
        ]
    ],
    "matrix_probe_in_world_coord": [
        [
            0.6553330523849465,
            -0.75289429880595,
            0.06073520624255531,
            0.0
        ],
        [
            0.733736061231868,
            0.6154348930156139,
            -0.28787373083837364,
            0.0
        ],
        [
            0.1793599255680418,
            0.2332167817382716,
            0.9557405243139322,
            14.401302337646484
        ],
        [
            0.0,
            0.0,
            0.0,
            1.0
        ]
    ],
    "intrinsic_matrix_camera": [
        [
            1.3888888888888888,
            0.0,
            -0.5
        ],
        [
            0.0,
            -1.3888888888888888,
            -0.5
        ],
        [
            0.0,
            0.0,
            -1.0
        ]
    ],
    "extrinsic_matrix_camera": [
        [
            0.9591150073077145,
            0.13644521012635774,
            -0.24795384125013406,
            -2.6721668243408203
        ],
        [
            -0.28301661215752427,
            0.4623992036628133,
            -0.8402907673507269,
            -11.821216583251953
        ],
        [
            8.420789287142191e-09,
            0.8761105415902551,
            0.4821102767152239,
            20.111690521240234
        ],
        [
            0.0,
            0.0,
            0.0,
            1.0
        ]
    ]
}