{
    "matrix_probe_in_cam_coord": [
        [
            0.38860282622958836,
            -0.5056045070830286,
            -0.7702934024537039,
            0.47786591251020805
        ],
        [
            0.6916504879452459,
            0.7124138280228561,
            -0.11868504609648127,
            -0.043700041954519264
        ],
        [
            0.6087753657725317,
            -0.4866524633238265,
            0.6265476310460142,
            -11.609547376201071
        ],
        [
            0.0,
            0.0,
            0.0,
            1.0
        ]
    ],
    "matrix_probe_in_world_coord": [
        [
            0.38782925347981273,
            -0.5076580159667939,
            -0.7693320537777881,
            0.0
        ],
        [
            0.3233617507668614,
            0.8565475318052331,
            -0.402198339006209,
            0.0
        ],
        [
            0.8631486826070474,
            -0.09278827826305204,
            0.4963513746638535,
            9.266772270202637
        ],
        [
            0.0,
            0.0,
            0.0,
            1.0
        ]
    ],
    "intrinsic_matrix_camera": [
        [
            1.3888888888888888,
            0.0,
            -0.5
        ],
        [
            0.0,
            -1.3888888888888888,
            -0.5
        ],
        [
            0.0,
            0.0,
            -1.0
        ]
    ],
    "extrinsic_matrix_camera": [
        [
            0.9999971302475942,
            -0.0021120878065215166,
            0.0011307438585496919,
            -0.4648294150829315
        ],
        [
            0.0023957246453014413,
            0.8816045471225038,
            -0.4719827147219998,
            -5.442124366760254
        ],
        [
            9.325005585282926e-12,
            0.4719840691993982,
            0.8816070771165448,
            19.522457122802734
        ],
        [
            0.0,
            0.0,
            0.0,
            1.0
        ]
    ]
}