{
    "matrix_probe_in_cam_coord": [
        [
            -0.40228528454166645,
            -0.28038108433605985,
            -0.8715233774189682,
            0.3028253104327842
        ],
        [
            -0.4303157062802125,
            0.8981486829029299,
            -0.09031797345099062,
            -0.0007263350803285995
        ],
        [
            0.8080810248791837,
            0.3386966060448011,
            -0.4819643827960116,
            -13.194092444710096
        ],
        [
            0.0,
            0.0,
            0.0,
            1.0
        ]
    ],
    "matrix_probe_in_world_coord": [
        [
            -0.6772108763053423,
            0.694756965577421,
            -0.2422770888784257,
            0.0
        ],
        [
            0.21591601619143136,
            0.5024230671723376,
            0.8372283652177357,
            0.0
        ],
        [
            0.7033958366139025,
            0.5146686510317049,
            -0.49025552182452076,
            8.388958930969238
        ],
        [
            0.0,
            0.0,
            0.0,
            1.0
        ]
    ],
    "intrinsic_matrix_camera": [
        [
            1.3888888888888888,
            0.0,
            -0.5
        ],
        [
            0.0,
            -1.3888888888888888,
            -0.5
        ],
        [
            0.0,
            0.0,
            -1.0
        ]
    ],
    "extrinsic_matrix_camera": [
        [
            0.28878540548113923,
            0.9372915057900771,
            -0.19516050511018904,
            -2.661736488342285
        ],
        [
            -0.9573938529054249,
            0.28272179377410817,
            -0.058867628999787654,
            -0.48657649755477905
        ],
        [
            -5.488889335339626e-10,
            0.20384558003282965,
            0.9790030538773,
            21.306163787841797
        ],
        [
            0.0,
            0.0,
            0.0,
            1.0
        ]
    ]
}