{
    "matrix_probe_in_cam_coord": [
        [
            0.44736214187345996,
            0.7812082791317456,
            0.4354087029842262,
            0.5796778425851166
        ],
        [
            -0.014484859956010425,
            0.49310712612088303,
            -0.869848004539217,
            0.2291606291034789
        ],
        [
            -0.894235596948838,
            0.38283023232866503,
            0.23191315263420412,
            -13.136713576056986
        ],
        [
            0.0,
            0.0,
            0.0,
            1.0
        ]
    ],
    "matrix_probe_in_world_coord": [
        [
            -0.8037273439938656,
            -0.5896595161651409,
            0.0795236537921788,
            0.0
        ],
        [
            -0.29741504022139115,
            0.5139043129700283,
            0.8046406968087754,
            0.0
        ],
        [
            -0.5153315926339804,
            0.6230601994243374,
            -0.5884125572475745,
            14.031739234924316
        ],
        [
            0.0,
            0.0,
            0.0,
            1.0
        ]
    ],
    "intrinsic_matrix_camera": [
        [
            1.3888888888888888,
            0.0,
            -0.5
        ],
        [
            0.0,
            -1.3888888888888888,
            -0.5
        ],
        [
            0.0,
            0.0,
            -1.0
        ]
    ],
    "extrinsic_matrix_camera": [
        [
            -0.7855787910341717,
            -0.34829692295025017,
            0.5114246929320847,
            7.25363826751709
        ],
        [
            0.6187616367207082,
            -0.44219721041396304,
            0.6493039842976631,
            8.272372245788574
        ],
        [
            -7.2388281308721905e-09,
            0.8265294190562713,
            0.5628935240651672,
            21.236902236938477
        ],
        [
            0.0,
            0.0,
            0.0,
            1.0
        ]
    ]
}