{
    "matrix_probe_in_cam_coord": [
        [
            -0.8842811528519889,
            -0.45132404175836444,
            0.11980589318414854,
            -0.267185652760746
        ],
        [
            0.2207726903069573,
            -0.17800511154940218,
            0.9589440022633822,
            0.12285628904603385
        ],
        [
            -0.41146842154093166,
            0.8744259771948562,
            0.2570465881536558,
            -9.460469804148085
        ],
        [
            0.0,
            0.0,
            0.0,
            1.0
        ]
    ],
    "matrix_probe_in_world_coord": [
        [
            0.997396070431409,
            0.051812666690264,
            -0.05016499036606635,
            0.0
        ],
        [
            -0.060057609066808126,
            0.9818305159950494,
            -0.18000533729329718,
            0.0
        ],
        [
            0.039926961832355445,
            0.18254940545326037,
            0.9823856433638976,
            16.312496185302734
        ],
        [
            0.0,
            0.0,
            0.0,
            1.0
        ]
    ],
    "intrinsic_matrix_camera": [
        [
            1.3888888888888888,
            0.0,
            -0.5
        ],
        [
            0.0,
            -1.3888888888888888,
            -0.5
        ],
        [
            0.0,
            0.0,
            -1.0
        ]
    ],
    "extrinsic_matrix_camera": [
        [
            -0.9113729106334395,
            0.1628694776217175,
            -0.3779853846681926,
            -3.8394346237182617
        ],
        [
            -0.41158160522979237,
            -0.36064496902219295,
            0.8369801601922526,
            7.852564334869385
        ],
        [
            -5.8742483661189815e-09,
            0.9183728761119909,
            0.39571613616554685,
            19.943328857421875
        ],
        [
            0.0,
            0.0,
            0.0,
            1.0
        ]
    ]
}