{
    "matrix_probe_in_cam_coord": [
        [
            -0.5937397362780558,
            -0.7558649031040153,
            -0.27593726428306675,
            0.46430374134899455
        ],
        [
            0.4402612316093852,
            -0.5922032054409,
            0.674881775874346,
            1.090900801474783
        ],
        [
            -0.673530380536953,
            0.2792196478063127,
            0.6843925881923812,
            -10.075836422474826
        ],
        [
            0.0,
            0.0,
            0.0,
            1.0
        ]
    ],
    "matrix_probe_in_world_coord": [
        [
            0.6648768813436338,
            -0.7115434941490675,
            -0.2272544577976411,
            0.0
        ],
        [
            0.7465309592984938,
            0.6227748921077648,
            0.2341857394655635,
            0.0
        ],
        [
            -0.02510496890327567,
            -0.32535717249554863,
            0.945257875313434,
            7.468090534210205
        ],
        [
            0.0,
            0.0,
            0.0,
            1.0
        ]
    ],
    "intrinsic_matrix_camera": [
        [
            1.3888888888888888,
            0.0,
            -0.5
        ],
        [
            0.0,
            -1.3888888888888888,
            -0.5
        ],
        [
            0.0,
            0.0,
            -1.0
        ]
    ],
    "extrinsic_matrix_camera": [
        [
            0.2057749034537447,
            0.5607279606408172,
            -0.8020229692871594,
            -8.78829288482666
        ],
        [
            -0.9785993506581749,
            0.11790703993592799,
            -0.1686453107114028,
            -1.373500108718872
        ],
        [
            1.3122430823450296e-08,
            0.8195621294869214,
            0.5729903279383189,
            12.347386360168457
        ],
        [
            0.0,
            0.0,
            0.0,
            1.0
        ]
    ],
    "matrix_probe_in_cam_coord_pre": [
        [
            -0.6719011664390564,
            -0.5547908544540405,
            -0.2656269371509552,
            0.7117404937744141
        ],
        [
            0.21777205169200897,
            -0.4301467835903168,
            0.7654559016227722,
            1.063002109527588
        ],
        [
            -0.5222330093383789,
            0.4880638122558594,
            0.7716872692108154,
            -10.678871154785156
        ],
        [
            0.0,
            0.0,
            0.0,
            1.0
        ]
    ]
}