{
    "matrix_probe_in_cam_coord": [
        [
            0.9353375499265398,
            -0.21866121389494425,
            0.2780844138663784,
            -0.8883854521887207
        ],
        [
            -0.20771620222823556,
            0.29683941244366746,
            0.9320624134423496,
            0.5046487146569625
        ],
        [
            -0.286352312770993,
            -0.929555612514974,
            0.23222557183181974,
            -11.500726855371957
        ],
        [
            0.0,
            0.0,
            0.0,
            1.0
        ]
    ],
    "matrix_probe_in_world_coord": [
        [
            0.14922155711555918,
            0.9643845040715036,
            0.21839289182289842,
            0.0
        ],
        [
            -0.9369670420067756,
            0.20847999426213976,
            -0.2804083703913481,
            0.0
        ],
        [
            -0.3159520360514887,
            -0.16278396818857344,
            0.9347062055082872,
            7.15308141708374
        ],
        [
            0.0,
            0.0,
            0.0,
            1.0
        ]
    ],
    "intrinsic_matrix_camera": [
        [
            1.3888888888888888,
            0.0,
            -0.5
        ],
        [
            0.0,
            -1.3888888888888888,
            -0.5
        ],
        [
            0.0,
            0.0,
            -1.0
        ]
    ],
    "extrinsic_matrix_camera": [
        [
            -0.010569301377904313,
            0.4588274002548394,
            -0.8884625521898872,
            -10.458901405334473
        ],
        [
            -0.9999441433742093,
            -0.004849787874692408,
            0.009390936544815206,
            -0.7778857946395874
        ],
        [
            -3.591191307419365e-08,
            0.8885121813081436,
            0.45885303057410753,
            11.98183822631836
        ],
        [
            0.0,
            0.0,
            0.0,
            1.0
        ]
    ],
    "matrix_probe_in_cam_coord_pre": [
        [
            0.8173984289169312,
            0.20205853879451752,
            0.20222295820713043,
            -0.8270282745361328
        ],
        [
            -0.23737210035324097,
            0.13073648512363434,
            0.9267796874046326,
            0.562248945236206
        ],
        [
            0.2658917307853699,
            -0.8595665097236633,
            0.18027806282043457,
            -10.841766357421875
        ],
        [
            0.0,
            0.0,
            0.0,
            1.0
        ]
    ]
}