{
    "matrix_probe_in_cam_coord": [
        [
            0.33177885735358503,
            -0.5406226854219234,
            -0.7730781990331493,
            -1.1615902000358824
        ],
        [
            0.7174312828718269,
            0.6767229621524636,
            -0.1653432395124768,
            -0.4259684925731335
        ],
        [
            0.6125480749868002,
            -0.4997730930160041,
            0.6123819978797402,
            -12.483914598150761
        ],
        [
            0.0,
            0.0,
            0.0,
            1.0
        ]
    ],
    "matrix_probe_in_world_coord": [
        [
            0.1901238053952562,
            -0.3263901657311203,
            -0.9259170580219585,
            0.0
        ],
        [
            -0.5080894769192613,
            0.7742831525429401,
            -0.3772673894362959,
            0.0
        ],
        [
            0.840058344441586,
            0.5421762254121608,
            -0.018625749163016576,
            14.655670166015625
        ],
        [
            0.0,
            0.0,
            0.0,
            1.0
        ]
    ],
    "intrinsic_matrix_camera": [
        [
            1.3888888888888888,
            0.0,
            -0.5
        ],
        [
            0.0,
            -1.3888888888888888,
            -0.5
        ],
        [
            0.0,
            0.0,
            -1.0
        ]
    ],
    "extrinsic_matrix_camera": [
        [
            0.9553392784723059,
            0.06861917173140748,
            -0.28743394420094104,
            -2.4493584632873535
        ],
        [
            -0.2955111893110208,
            0.2218345156255575,
            -0.9292268747023842,
            -11.849157333374023
        ],
        [
            -8.706482683798416e-09,
            0.9726668787144291,
            0.23220495914585892,
            17.968822479248047
        ],
        [
            0.0,
            0.0,
            0.0,
            1.0
        ]
    ],
    "matrix_probe_in_cam_coord_pre": [
        [
            0.005635407753288746,
            -0.1647285670042038,
            -0.9084515571594238,
            -1.0447643995285034
        ],
        [
            0.2547062337398529,
            0.02561456710100174,
            -0.1556350439786911,
            -0.5931238532066345
        ],
        [
            0.15975606441497803,
            -0.4154636263847351,
            0.5548257231712341,
            -12.91093635559082
        ],
        [
            0.0,
            0.0,
            0.0,
            1.0
        ]
    ]
}