{
    "matrix_probe_in_cam_coord": [
        [
            0.06715808719195152,
            -0.032833587083383096,
            0.9972019589250496,
            -0.6964999415766513
        ],
        [
            0.16725983988050494,
            0.9856851064743538,
            0.02119001740890166,
            0.44835096556100185
        ],
        [
            -0.9836228633413653,
            0.16536875894158368,
            0.07168846684268196,
            -15.649130226386339
        ],
        [
            0.0,
            0.0,
            0.0,
            1.0
        ]
    ],
    "matrix_probe_in_world_coord": [
        [
            0.5798656950509692,
            0.8146988503706281,
            -0.004643157097617594,
            0.0
        ],
        [
            -0.06277436086358276,
            0.03899629605450664,
            -0.9972655957728602,
            0.0
        ],
        [
            -0.8122900684615224,
            0.5785715790624407,
            0.07375481394437171,
            7.843123435974121
        ],
        [
            0.0,
            0.0,
            0.0,
            1.0
        ]
    ],
    "intrinsic_matrix_camera": [
        [
            1.3888888888888888,
            0.0,
            -0.5
        ],
        [
            0.0,
            -1.3888888888888888,
            -0.5
        ],
        [
            0.0,
            0.0,
            -1.0
        ]
    ],
    "extrinsic_matrix_camera": [
        [
            0.0075630199041374436,
            0.8999263777987984,
            -0.4359762783361775,
            -7.220864772796631
        ],
        [
            -0.9999713999559834,
            0.006806363346222323,
            -0.0032973759369963867,
            -0.7511327266693115
        ],
        [
            1.7377467712140016e-08,
            0.43598874751526984,
            0.8999521165262439,
            21.731115341186523
        ],
        [
            0.0,
            0.0,
            0.0,
            1.0
        ]
    ]
}