{
    "matrix_probe_in_cam_coord": [
        [
            0.3154346991109341,
            0.9242968150456963,
            -0.2148868267092624,
            -1.240859938332293
        ],
        [
            -0.6323910900889934,
            0.3735846987903781,
            0.6786132786836381,
            0.9831360141762842
        ],
        [
            0.7075185225652041,
            -0.07816566078582268,
            0.7023586474879242,
            -11.647869002715877
        ],
        [
            0.0,
            0.0,
            0.0,
            1.0
        ]
    ],
    "matrix_probe_in_world_coord": [
        [
            0.9248859258432732,
            0.2750986065483063,
            -0.26250101114512214,
            0.0
        ],
        [
            -0.3028608598550555,
            0.9503789162870608,
            -0.07110003547740534,
            0.0
        ],
        [
            0.22991590581098947,
            0.1452607040882428,
            0.9623086844162325,
            5.24194860458374
        ],
        [
            0.0,
            0.0,
            0.0,
            1.0
        ]
    ],
    "intrinsic_matrix_camera": [
        [
            1.3888888888888888,
            0.0,
            -0.5
        ],
        [
            0.0,
            -1.3888888888888888,
            -0.5
        ],
        [
            0.0,
            0.0,
            -1.0
        ]
    ],
    "extrinsic_matrix_camera": [
        [
            0.602421888879367,
            -0.6602536606179551,
            0.44850080427977573,
            6.620718955993652
        ],
        [
            0.7981778422125082,
            0.49832410229701113,
            -0.3385043888502224,
            -3.4423482418060303
        ],
        [
            1.2013962948114274e-09,
            0.5619058575157125,
            0.8272011891248294,
            14.324649810791016
        ],
        [
            0.0,
            0.0,
            0.0,
            1.0
        ]
    ],
    "matrix_probe_in_cam_coord_pre": [
        [
            0.16957706212997437,
            1.0012081861495972,
            -0.35404646396636963,
            -0.9373287558555603
        ],
        [
            -0.41039952635765076,
            0.4396516680717468,
            0.7870819568634033,
            1.0139093399047852
        ],
        [
            0.9905425310134888,
            0.012638678774237633,
            0.5290957689285278,
            -11.486454010009766
        ],
        [
            0.0,
            0.0,
            0.0,
            1.0
        ]
    ]
}