{
    "matrix_probe_in_cam_coord": [
        [
            0.5998191723772058,
            0.7982155586568456,
            0.05539749422909663,
            -0.25623188290607646
        ],
        [
            -0.6989835712768881,
            0.4890382700741238,
            0.5217887862803445,
            -1.3150856653683216
        ],
        [
            0.38940843279740417,
            -0.35170085629842796,
            0.8512740922553801,
            -14.809646430935896
        ],
        [
            0.0,
            0.0,
            0.0,
            1.0
        ]
    ],
    "matrix_probe_in_world_coord": [
        [
            0.966619160340776,
            -0.012858317013142408,
            -0.2558946317250177,
            0.0
        ],
        [
            0.0757569436886148,
            0.9684282033142989,
            0.23750305368226027,
            0.0
        ],
        [
            0.24476168888339722,
            -0.24896079753452768,
            0.937075363535889,
            12.933259963989258
        ],
        [
            0.0,
            0.0,
            0.0,
            1.0
        ]
    ],
    "intrinsic_matrix_camera": [
        [
            1.3888888888888888,
            0.0,
            -0.5
        ],
        [
            0.0,
            -1.3888888888888888,
            -0.5
        ],
        [
            0.0,
            0.0,
            -1.0
        ]
    ],
    "extrinsic_matrix_camera": [
        [
            0.5553570746772787,
            -0.8154620711712878,
            0.163095463109584,
            1.4852838516235352
        ],
        [
            0.8316120006384564,
            0.5445720243100689,
            -0.10891643922263544,
            -0.6837695837020874
        ],
        [
            -1.3882823627315275e-09,
            0.19611965944256513,
            0.9805799708234575,
            27.71321678161621
        ],
        [
            0.0,
            0.0,
            0.0,
            1.0
        ]
    ],
    "matrix_probe_in_cam_coord_pre": [
        [
            0.40631988644599915,
            0.8097541928291321,
            0.05963889881968498,
            -0.17002397775650024
        ],
        [
            -0.7664012312889099,
            0.4582277536392212,
            0.4731569290161133,
            -1.1002049446105957
        ],
        [
            0.4084218144416809,
            -0.26455581188201904,
            0.7456957101821899,
            -13.788199424743652
        ],
        [
            0.0,
            0.0,
            0.0,
            1.0
        ]
    ]
}