{
    "matrix_probe_in_cam_coord": [
        [
            -0.9568862628353316,
            -0.23929575999866215,
            -0.1646396648553888,
            -0.8183047503483386
        ],
        [
            -0.24298605983754598,
            0.3489142293154934,
            0.905105869667079,
            0.574938503554284
        ],
        [
            -0.15914287518345455,
            0.9060885165522392,
            -0.3920167667976785,
            -13.06237919701483
        ],
        [
            0.0,
            0.0,
            0.0,
            1.0
        ]
    ],
    "matrix_probe_in_world_coord": [
        [
            -0.5025500388901268,
            0.376091276921399,
            -0.7784592538053381,
            0.0
        ],
        [
            -0.8143230593438984,
            -0.5083475314564719,
            0.28010844736084817,
            0.0
        ],
        [
            -0.29038149636697885,
            0.7746858322479784,
            0.5617298709183369,
            11.388065338134766
        ],
        [
            0.0,
            0.0,
            0.0,
            1.0
        ]
    ],
    "intrinsic_matrix_camera": [
        [
            1.3888888888888888,
            0.0,
            -0.5
        ],
        [
            0.0,
            -1.3888888888888888,
            -0.5
        ],
        [
            0.0,
            0.0,
            -1.0
        ]
    ],
    "extrinsic_matrix_camera": [
        [
            0.5190514513116379,
            -0.45125178805543886,
            0.7259183250669818,
            10.166404724121094
        ],
        [
            0.8547429969828843,
            0.27402726431189733,
            -0.44082135556533014,
            -5.216284275054932
        ],
        [
            1.2179897928696829e-08,
            0.8492825691078957,
            0.527938554956439,
            17.795913696289062
        ],
        [
            0.0,
            0.0,
            0.0,
            1.0
        ]
    ]
}