{
    "matrix_probe_in_cam_coord": [
        [
            -0.48995245003825666,
            0.8661550950765698,
            -0.09859993901827709,
            2.0192609855235077
        ],
        [
            -0.061296702424989045,
            0.07859616569220244,
            0.9950202796980101,
            0.006560192442339741
        ],
        [
            0.8695914621092665,
            0.4935564749969169,
            0.01458406717228919,
            -11.8884305909736
        ],
        [
            0.0,
            0.0,
            0.0,
            1.0
        ]
    ],
    "matrix_probe_in_world_coord": [
        [
            -0.537091919458856,
            0.8387704900734538,
            -0.08942222896987011,
            0.0
        ],
        [
            -0.8381585780853379,
            -0.5187310496540568,
            0.16854760783459757,
            0.0
        ],
        [
            0.09498667292818758,
            0.16547556649469033,
            0.9816289364415126,
            14.121613502502441
        ],
        [
            0.0,
            0.0,
            0.0,
            1.0
        ]
    ],
    "intrinsic_matrix_camera": [
        [
            1.3888888888888888,
            0.0,
            -0.5
        ],
        [
            0.0,
            -1.3888888888888888,
            -0.5
        ],
        [
            0.0,
            0.0,
            -1.0
        ]
    ],
    "extrinsic_matrix_camera": [
        [
            0.9984718617349176,
            0.009869176696659078,
            -0.05437408091120114,
            -2.6626625061035156
        ],
        [
            -0.055262476632953444,
            0.1783143733075603,
            -0.9824205021009713,
            -11.569018363952637
        ],
        [
            -1.3637996084672078e-09,
            0.9839240741151029,
            0.17858727943708047,
            16.23828125
        ],
        [
            0.0,
            0.0,
            0.0,
            1.0
        ]
    ]
}