{
    "matrix_probe_in_cam_coord": [
        [
            0.9794886390606449,
            -0.200637575081898,
            -0.018616374952724862,
            1.7175706272771567
        ],
        [
            -0.20092386045409957,
            -0.9655357314136578,
            -0.16543987930276544,
            -1.041226682568869
        ],
        [
            0.015218680998898606,
            0.16578695614778566,
            -0.9860441556643931,
            -12.716830722168798
        ],
        [
            0.0,
            0.0,
            0.0,
            1.0
        ]
    ],
    "matrix_probe_in_world_coord": [
        [
            0.9834156378227815,
            -0.1602565947701381,
            -0.08492059301660236,
            0.0
        ],
        [
            -0.01230736396708758,
            -0.526114556635149,
            0.8503246451143129,
            0.0
        ],
        [
            -0.18094809221926964,
            -0.8351774045849661,
            -0.5193616185211672,
            17.671052932739258
        ],
        [
            0.0,
            0.0,
            0.0,
            1.0
        ]
    ],
    "intrinsic_matrix_camera": [
        [
            1.3888888888888888,
            0.0,
            -0.5
        ],
        [
            0.0,
            -1.3888888888888888,
            -0.5
        ],
        [
            0.0,
            0.0,
            -1.0
        ]
    ],
    "extrinsic_matrix_camera": [
        [
            0.9969788528883609,
            -0.028808945278050474,
            0.07213329027137826,
            -0.825071394443512
        ],
        [
            0.07767346325102685,
            0.3697776396724934,
            -0.9258678795081032,
            -11.522492408752441
        ],
        [
            -7.429075012268566e-10,
            0.9286735389092372,
            0.37089817757680343,
            23.35466194152832
        ],
        [
            0.0,
            0.0,
            0.0,
            1.0
        ]
    ]
}