{
    "matrix_probe_in_cam_coord": [
        [
            -0.5422769929462404,
            0.4907500266184154,
            0.6819824589351312,
            0.18063462489179774
        ],
        [
            -0.7146054886015331,
            -0.6962955730357472,
            -0.06716748194911781,
            -0.18302482746415327
        ],
        [
            0.4418989234901435,
            -0.5237717884201528,
            0.7282777321004722,
            -11.359882976743751
        ],
        [
            0.0,
            0.0,
            0.0,
            1.0
        ]
    ],
    "matrix_probe_in_world_coord": [
        [
            0.5359583469599952,
            0.638968171826838,
            0.5517864856229974,
            0.0
        ],
        [
            -0.8248458591293824,
            0.2570179578447332,
            0.5035584157001395,
            0.0
        ],
        [
            0.17993876458679192,
            -0.7250251338661245,
            0.6648011704723358,
            6.693118572235107
        ],
        [
            0.0,
            0.0,
            0.0,
            1.0
        ]
    ],
    "intrinsic_matrix_camera": [
        [
            1.3888888888888888,
            0.0,
            -0.5
        ],
        [
            0.0,
            -1.3888888888888888,
            -0.5
        ],
        [
            0.0,
            0.0,
            -1.0
        ]
    ],
    "extrinsic_matrix_camera": [
        [
            0.3992444708707831,
            -0.8649715945660389,
            0.30401972480908657,
            3.2231998443603516
        ],
        [
            0.9168445083432132,
            0.3766561611492619,
            -0.13238687166480353,
            -1.6005758047103882
        ],
        [
            -1.8976730887940365e-08,
            0.33159354164727867,
            0.9434223461090024,
            17.470975875854492
        ],
        [
            0.0,
            0.0,
            0.0,
            1.0
        ]
    ]
}