{
    "matrix_probe_in_cam_coord": [
        [
            0.583085861674826,
            -0.34410244863722045,
            0.7359377573931066,
            -1.4643679661899294
        ],
        [
            0.7994907465239438,
            0.4039541621630652,
            -0.44456223534362815,
            0.34776114664035696
        ],
        [
            -0.14431016643851888,
            0.8475933811167977,
            0.5106466842636717,
            -13.568837920657185
        ],
        [
            0.0,
            0.0,
            0.0,
            1.0
        ]
    ],
    "matrix_probe_in_world_coord": [
        [
            0.800061489123419,
            -0.4215512697275906,
            0.42684439859587464,
            0.0
        ],
        [
            0.41642685713318667,
            -0.12193248737861893,
            -0.9009556821397154,
            0.0
        ],
        [
            0.43184521101871015,
            0.8985694160790916,
            0.07799178294850441,
            12.488896369934082
        ],
        [
            0.0,
            0.0,
            0.0,
            1.0
        ]
    ],
    "intrinsic_matrix_camera": [
        [
            1.3888888888888888,
            0.0,
            -0.5
        ],
        [
            0.0,
            -1.3888888888888888,
            -0.5
        ],
        [
            0.0,
            0.0,
            -1.0
        ]
    ],
    "extrinsic_matrix_camera": [
        [
            0.9256922763762234,
            0.2795954672490664,
            -0.2547943958394331,
            -2.198942184448242
        ],
        [
            -0.378277423933025,
            0.6842051551001174,
            -0.6235138300607443,
            -9.252235412597656
        ],
        [
            -1.5281287947914943e-09,
            0.6735649043917004,
            0.7391280806273021,
            22.28376579284668
        ],
        [
            0.0,
            0.0,
            0.0,
            1.0
        ]
    ]
}