{
    "matrix_probe_in_cam_coord": [
        [
            -0.9144321474529516,
            0.08600868637950299,
            -0.39549507401718037,
            0.36212433184702775
        ],
        [
            0.0750333229944215,
            0.9962461933956879,
            0.04316853698026579,
            0.05801584776096935
        ],
        [
            0.39772333115495945,
            0.009799388341832822,
            -0.9174530635640868,
            -14.834033637248483
        ],
        [
            0.0,
            0.0,
            0.0,
            1.0
        ]
    ],
    "matrix_probe_in_world_coord": [
        [
            -0.9141542653774991,
            0.11934342550194058,
            -0.38740047222685137,
            0.0
        ],
        [
            0.023783776444838953,
            0.9698240164398263,
            0.24264317240455208,
            0.0
        ],
        [
            0.4046681493151476,
            0.2125994447922807,
            -0.8894071986463047,
            8.72103214263916
        ],
        [
            0.0,
            0.0,
            0.0,
            1.0
        ]
    ],
    "intrinsic_matrix_camera": [
        [
            1.3888888888888888,
            0.0,
            -0.5
        ],
        [
            0.0,
            -1.3888888888888888,
            -0.5
        ],
        [
            0.0,
            0.0,
            -1.0
        ]
    ],
    "extrinsic_matrix_camera": [
        [
            0.9994115976855237,
            0.033579889490814904,
            -0.0069892369722169626,
            -0.4675379991531372
        ],
        [
            -0.034299539525613834,
            0.9784426111828617,
            -0.20365067692004907,
            -3.065305471420288
        ],
        [
            4.7566866360579264e-11,
            0.20377057600018705,
            0.9790186680327153,
            23.232006072998047
        ],
        [
            0.0,
            0.0,
            0.0,
            1.0
        ]
    ]
}