{
    "matrix_probe_in_cam_coord": [
        [
            -0.7451107148993809,
            -0.5835968811246897,
            0.32283850898501654,
            1.6129728900530644
        ],
        [
            -0.4471526927487379,
            0.7962826571003658,
            0.407416739185731,
            0.5543854545348221
        ],
        [
            -0.494837844055693,
            0.1592124691810169,
            -0.854275656768702,
            -13.121583487380928
        ],
        [
            0.0,
            0.0,
            0.0,
            1.0
        ]
    ],
    "matrix_probe_in_world_coord": [
        [
            0.4131881689692415,
            0.34055821082208015,
            -0.8445683169912954,
            0.0
        ],
        [
            -0.6751830163691647,
            -0.5077686089781664,
            -0.5350690928684018,
            0.0
        ],
        [
            -0.6110674524391576,
            0.7913224025503396,
            0.02013513822839059,
            18.02520179748535
        ],
        [
            0.0,
            0.0,
            0.0,
            1.0
        ]
    ],
    "intrinsic_matrix_camera": [
        [
            1.3888888888888888,
            0.0,
            -0.5
        ],
        [
            0.0,
            -1.3888888888888888,
            -0.5
        ],
        [
            0.0,
            0.0,
            -1.0
        ]
    ],
    "extrinsic_matrix_camera": [
        [
            -0.7792788178392628,
            -0.2576688750839388,
            0.5712541246065702,
            8.895562171936035
        ],
        [
            0.6266773684018284,
            -0.3204135383371153,
            0.7103595148819006,
            8.487860679626465
        ],
        [
            1.8250070720404847e-08,
            0.911560154495175,
            0.4111667359317048,
            22.91500473022461
        ],
        [
            0.0,
            0.0,
            0.0,
            1.0
        ]
    ]
}