{
    "matrix_probe_in_cam_coord": [
        [
            0.8176964814282376,
            0.5651379179679452,
            0.10950615478015906,
            -2.914516028358082
        ],
        [
            0.5411020753044189,
            -0.8194966636098285,
            0.18876907170829446,
            1.1380590862374351
        ],
        [
            0.19642048864904907,
            -0.09510179812819611,
            -0.97589683862161,
            -11.89765109535183
        ],
        [
            0.0,
            0.0,
            0.0,
            1.0
        ]
    ],
    "matrix_probe_in_world_coord": [
        [
            0.43755546008850105,
            0.8383170705935282,
            -0.3252225522595654,
            0.0
        ],
        [
            0.7754322252310791,
            -0.16867303632242872,
            0.6084852265182368,
            0.0
        ],
        [
            0.455247277224057,
            -0.5184340806402086,
            -0.7238618795121239,
            11.134622573852539
        ],
        [
            0.0,
            0.0,
            0.0,
            1.0
        ]
    ],
    "intrinsic_matrix_camera": [
        [
            1.3888888888888888,
            0.0,
            -0.5
        ],
        [
            0.0,
            -1.3888888888888888,
            -0.5
        ],
        [
            0.0,
            0.0,
            -1.0
        ]
    ],
    "extrinsic_matrix_camera": [
        [
            0.7959384528705599,
            -0.5116278341725339,
            0.32360305706519765,
            6.752154350280762
        ],
        [
            0.6053775509894791,
            0.6726781681956887,
            -0.4254669232629879,
            -4.0632219314575195
        ],
        [
            8.811952091036675e-09,
            0.5345475108283778,
            0.8451384257428987,
            20.581438064575195
        ],
        [
            0.0,
            0.0,
            0.0,
            1.0
        ]
    ]
}