{
    "matrix_probe_in_cam_coord": [
        [
            -0.06037772122967793,
            0.9509092585407639,
            -0.30352283736247204,
            0.5955216972462067
        ],
        [
            -0.10691699502153929,
            0.29616724891650886,
            0.9491331396831482,
            0.5351314910004419
        ],
        [
            0.9924330138375459,
            0.08975824580884498,
            0.08378645686889685,
            -9.225451666595967
        ],
        [
            0.0,
            0.0,
            0.0,
            1.0
        ]
    ],
    "matrix_probe_in_world_coord": [
        [
            0.7177812545300415,
            -0.6959744376319529,
            0.020239881624324364,
            0.0
        ],
        [
            0.6404516808624283,
            0.6485566551446553,
            -0.4113343038795414,
            0.0
        ],
        [
            0.273151450894499,
            0.3082107188766537,
            0.9112598079822057,
            5.405304431915283
        ],
        [
            0.0,
            0.0,
            0.0,
            1.0
        ]
    ],
    "intrinsic_matrix_camera": [
        [
            1.3888888888888888,
            0.0,
            -0.5
        ],
        [
            0.0,
            -1.3888888888888888,
            -0.5
        ],
        [
            0.0,
            0.0,
            -1.0
        ]
    ],
    "extrinsic_matrix_camera": [
        [
            -0.7112897992403244,
            -0.2636575069339024,
            0.6515761970284508,
            6.5757646560668945
        ],
        [
            0.7028988700351276,
            -0.26680494815419054,
            0.6593544556183576,
            5.8070268630981445
        ],
        [
            1.512583857151547e-09,
            0.9269842709980786,
            0.37510020170903813,
            8.369714736938477
        ],
        [
            0.0,
            0.0,
            0.0,
            1.0
        ]
    ]
}