{
    "matrix_probe_in_cam_coord": [
        [
            0.9940511835239492,
            -0.0970782230519231,
            -0.04937674699408067,
            -0.03351135300518592
        ],
        [
            0.107776393576848,
            0.9421252684958542,
            0.3174653169232557,
            -0.9707260766004921
        ],
        [
            0.01570011217172485,
            -0.32089842173294636,
            0.9469834789515069,
            -14.969827584601028
        ],
        [
            0.0,
            0.0,
            0.0,
            1.0
        ]
    ],
    "matrix_probe_in_world_coord": [
        [
            0.9962358664141969,
            0.07827155280660461,
            -0.037251342139547026,
            0.0
        ],
        [
            -0.07542373350718969,
            0.9945099316612243,
            0.07253451765210699,
            0.0
        ],
        [
            0.04272421905419828,
            -0.06945185273576432,
            0.9966699961661225,
            14.511484146118164
        ],
        [
            0.0,
            0.0,
            0.0,
            1.0
        ]
    ],
    "intrinsic_matrix_camera": [
        [
            1.3888888888888888,
            0.0,
            -0.5
        ],
        [
            0.0,
            -1.3888888888888888,
            -0.5
        ],
        [
            0.0,
            0.0,
            -1.0
        ]
    ],
    "extrinsic_matrix_camera": [
        [
            0.9845503289120734,
            0.16928630739939046,
            -0.04475260848494913,
            -0.472614586353302
        ],
        [
            -0.17510182705822366,
            0.9518512320349197,
            -0.2516318386740386,
            -2.848766326904297
        ],
        [
            7.299281043750175e-10,
            0.25558047304261045,
            0.9667877852969159,
            29.232229232788086
        ],
        [
            0.0,
            0.0,
            0.0,
            1.0
        ]
    ]
}